633840
633840
633840
633840
633840
633840
633844
633844
633844
633844
633844
633844
633844
633844
633844
633844
633844
633844
633844
633844
633844
633844
633844
633844
633844
633844
633844
633844
633888
633888
633892
633896
633640
625448
618792
617256
617256
570336
376532
58684
48
4
1328
20344
20392
20616
42780
66804
80920
80964
81240
81288
82836
85868
86072
86092
86356
86816
87160
87180
87212
87220
87224
87272
87320
87344
87348
87468
88468
88480
88492
88504
88508
88644
88720
88736
97156
97340
97696
98124
98176
49100
0
4
20
