1034728
1034728
1034728
1034728
1034728
1034728
1034724
1034724
1034724
1034724
1034724
1034724
1034724
1034724
1034724
1034724
1034724
1034724
1034724
1034724
1034724
1034724
1034724
1034724
1034724
1034724
1034724
1034724
1034680
1034680
1034676
1034672
1034928
1043120
1049776
1051312
1051312
1098232
1292036
1609884
1668520
1668564
1667240
1648224
1648176
1647952
1625788
1601764
1587648
1587604
1587328
1587280
1585732
1582700
1582496
1582476
1582212
1581752
1581408
1581388
1581356
1581348
1581344
1581296
1581248
1581224
1581220
1581100
1580100
1580088
1580076
1580064
1580060
1579924
1579848
1579832
1571412
1571228
1570872
1570444
1570392
1619468
1668568
1668564
1668548
