5651436
5498484
5344660
5185800
5028016
4873620
4715572
4555812
4401440
4244200
4088404
3930492
3774692
3618484
3462268
3303740
3146348
2990964
2832956
2673736
2517308
2361612
2204568
2049408
1893212
1761064
1606204
1449064
1293096
1136904
1066032
908572
758840
610648
461784
309924
155672
70916
55428
86252
46040
53464
3254300
3141452
3062536
2982260
2881608
2779268
2686152
2607408
2530320
2451064
2370268
2288344
2210956
2132040
2052352
1974576
1895888
1817404
1739692
1662232
1584464
1506004
1427336
1348396
1269804
1190840
1109888
1030820
952776
874912
797160
717116
637648
559700
477336
398788
320256
241640
164476
113072
79684
33872
29296
