4981260
4828760
4674480
4515988
4359076
4204364
4046040
3886192
3731052
3575068
3418372
3261492
3105204
2948516
2792104
2634140
2476860
2320572
2163040
2003300
1846568
1691256
1534884
1377972
1223008
1064436
935904
779460
623344
466508
395012
237876
143244
146864
145872
143672
150376
136148
128052
160092
131140
123000
3299984
3171416
3092300
3006272
2904652
2802616
2706840
2627224
2549356
2469472
2383040
2299056
2219172
2139908
2061276
1983304
1903232
1824656
1748044
1669172
1591516
1513648
1434376
1355428
1276372
1197356
1115380
1036492
958688
880388
802952
723692
643448
565084
472624
394000
315376
235772
156960
147868
142392
129376
122128
