1735732
1892116
2048904
2204888
2361848
2519068
2674996
2832360
2987576
3143420
3300104
3457076
3613404
3770084
3926484
4083940
4241632
4398012
4555536
4715488
4871988
5027300
5183672
5340576
5495312
5653944
5782636
5938936
6095012
6252004
6408192
6565484
6720004
6866824
7017744
7171156
7327264
7451724
7565268
7640116
7714072
7693208
4443224
4542824
4621156
4699912
4779960
4881776
4975544
5054720
5132036
5212336
5291980
5373728
5451520
5530712
5609344
5687360
5767136
5845416
5922812
6001588
6079116
6156016
6235264
6314260
6392236
6471004
6553012
6631284
6709656
6787944
6866932
6946088
7024624
7102976
7187076
7265604
7343780
7423384
7502180
7561612
7620444
7698272
7703744
