1318684
1314800
1312292
1314800
1314752
1312244
1314640
1317124
1317048
1317188
1317200
1317108
1317068
1317076
1317088
1317596
1317184
1317092
1317100
1316888
1317120
1317120
1317120
1317128
1317356
1317296
1317136
1317280
1317320
1317164
1232472
1232316
1172428
1021988
872060
720848
558036
447804
342356
235468
190464
219468
292468
321436
322220
329492
351064
351284
353292
353732
354284
353868
360656
362892
364984
365056
365056
365012
365308
365604
364820
364916
365044
366012
366036
365988
367068
367316
367284
367900
367332
367344
365792
365896
367604
367616
375976
376072
376520
376520
376536
326196
272840
208028
209804
