1668568
1668568
1668568
1668568
1668568
1668568
1668568
1668568
1668568
1668568
1668568
1668568
1668568
1668568
1668568
1668568
1668568
1668568
1668568
1668568
1668568
1668568
1668568
1668568
1668568
1668568
1668568
1668568
1668568
1668568
1668568
1668568
1668568
1668568
1668568
1668568
1668568
1668568
1668568
1668568
1668568
1668568
1668568
1668568
1668568
1668568
1668568
1668568
1668568
1668568
1668568
1668568
1668568
1668568
1668568
1668568
1668568
1668568
1668568
1668568
1668568
1668568
1668568
1668568
1668568
1668568
1668568
1668568
1668568
1668568
1668568
1668568
1668568
1668568
1668568
1668568
1668568
1668568
1668568
1668568
1668568
1668568
1668568
