409448
409448
409452
409460
409460
419788
419792
419792
419796
419796
419796
419796
419796
419796
419796
419800
419804
419804
419808
419808
419808
419808
419832
419832
419832
419832
419836
419836
419836
419836
419836
419836
419836
419836
419836
419836
419840
419840
419840
419840
419840
419840
419840
419840
419840
419840
419840
419840
419840
419840
419840
419840
419840
420040
420044
420128
420128
420132
420132
420136
420148
420148
420152
420152
420152
420164
420112
418832
418832
418576
418576
418576
418576
418576
418576
370424
222788
118196
908
0
4
0
4
