1259120
1259120
1259116
1259108
1259108
1248780
1248776
1248776
1248772
1248772
1248772
1248772
1248772
1248772
1248772
1248768
1248764
1248764
1248760
1248760
1248760
1248760
1248736
1248736
1248736
1248736
1248732
1248732
1248732
1248732
1248732
1248732
1248732
1248732
1248732
1248732
1248728
1248728
1248728
1248728
1248728
1248728
1248728
1248728
1248728
1248728
1248728
1248728
1248728
1248728
1248728
1248728
1248728
1248528
1248524
1248440
1248440
1248436
1248436
1248432
1248420
1248420
1248416
1248416
1248416
1248404
1248456
1249736
1249736
1249992
1249992
1249992
1249992
1249992
1249992
1298144
1445780
1550372
1667660
1668568
1668564
1668568
1668564
