5852176
5776932
5700068
5601308
5523952
5437452
5364040
5286760
5206344
5127892
5051168
4987896
4907776
4830908
4753036
4675080
4596692
4516752
4438164
4359168
4280448
4202588
4123884
4048180
3967848
3889848
3810100
3730160
3652336
3572980
3494772
3416368
3337612
3259892
3182096
3103928
3025844
2945120
2865776
2786876
2708216
2630132
2551548
2473440
2396548
2318680
2239244
2160692
2082164
2003644
1926276
1847592
1773868
1693564
1613208
1526188
1458872
1377948
1295364
1224796
1197496
1118992
1038956
960424
868080
802320
719292
643112
565388
488792
411076
341536
270112
195496
124156
85576
96012
95288
83908
34892
49844
40356
7184
