8035676
8035676
8035676
8035676
8035676
8035676
8035676
8035676
8035676
8035676
8035676
8035676
8035676
8035676
8035676
8035676
8035676
8035676
8035676
8035676
8035676
8035676
8035676
8035676
8035676
8035676
8035676
8035676
8035676
8035676
8035676
8035676
8035676
8035676
8035676
8035676
8035676
8035676
8035676
8035676
8035676
8035676
8035676
8035676
8035676
8035676
8035676
8035676
8035676
8035676
8035676
8035676
8035676
8035676
8035676
8035676
8035676
8035676
8035676
8035676
8035676
8035676
8035676
8035676
8035676
8035676
8035676
8035676
8035676
8035676
8035676
8035676
8035676
8035676
8035676
8035676
8035676
8035676
8035676
8035676
8035676
8035676
8035676
