5153148
5079800
4998624
4901116
4824012
4744380
4663124
4586020
4504884
4426344
4350244
4287044
4207420
4131020
4051388
3975248
3894328
3814200
3736012
3657120
3578792
3500200
3420828
3345700
3265516
3187972
3107308
3027172
2948620
2870404
2791552
2712960
2635060
2556112
2479292
2400840
2321696
2241892
2160976
2082768
2004396
1926144
1847016
1768848
1691816
1614412
1534040
1454976
1375940
1298484
1221264
1142944
1067756
988688
909300
819716
754360
674060
589892
519392
493084
412900
332348
254112
160812
189376
170112
136100
141704
150696
154824
139744
156092
148416
157920
133880
146700
159804
148768
124144
128780
127600
108348
