1637904
1715492
1794660
1885452
1965404
2045996
2126724
2203988
2282204
2361196
2437348
2502628
2582420
2658696
2738164
2817040
2896588
2974184
3052432
3131352
3209584
3287796
3367260
3445332
3522656
3600376
3680164
3759812
3838336
3916956
3995916
4074500
4152408
4231324
4308168
4386620
4464956
4544636
4625644
4703676
4782152
4860404
4939692
5017684
5094712
5172116
5251096
5330140
5408664
5486084
5563840
5642160
5723476
5802344
5883740
5961764
6038108
6115488
6196044
6273656
6353668
6433024
6510752
6588272
6670312
6749492
6834532
6912076
6988076
7065688
7143244
7207496
7286280
7363384
7439444
7521296
7553444
7581164
7593248
7672660
7673068
7669844
7709068
