1244624
1240384
1242392
1249108
1246260
1245300
1245828
1245668
1248588
1248136
1248084
1246004
1245836
1245960
1246124
1243388
1244760
1247292
1247232
1247204
1247300
1247680
1247588
1244644
1247504
1247328
1248204
1248692
1248720
1248316
1248208
1248216
1248208
1248240
1248216
1248216
1249024
1249148
1249056
1249232
1249128
1249128
1248968
1249144
1249148
1249148
1250540
1250560
1251072
1251108
1250572
1250572
1244444
1244644
1242636
1254196
1243208
1246128
1249740
1242628
1188924
1189752
1192576
1193292
1204552
1096808
1031032
987500
905896
819292
737608
688436
593304
523876
438312
380500
335532
294708
293660
238872
233828
238232
218260
