1
320
338
706
709
885
888
890
911
916
918
920
922
924
927
928
930
932
936
937
938
943
972
974
993
1014
1015
1052
1065
1118
1183
1295
1314
1315
1440
1521
1523
1526
1922
1936
2131
2264
2423
2978
16374
20092
945
985
986
1053
1919
1066
1087
1171
1178
1182
1298
1306
16074
1923
1972
2077
2084
2115
2120
2268
2278
2287
2291
2300
2308
2311
2320
2325
2329
2333
2338
2455
2496
2843
2927
2933
2941
2954
2960
4437
8574
8579
16064
16780
20301
2984
2985
2989
2990
3018
3297
1085
1940
1176
2082
2458
9841
11014
11037
