92256
170400
248544
326688
404832
482844
560988
639132
717276
795420
873564
951708
1029852
1107864
1186008
1264152
1342296
1420440
1498584
1576728
1654872
1732884
1811028
1889172
1967316
2045460
2123604
2201748
2279892
2357904
2436048
2514192
2592336
2670480
2748624
2826768
2904912
2982924
3061068
3139212
3217356
3295500
3373644
3451788
3529932
3607944
3686088
3764232
3842376
3920520
3998664
4076808
4154952
4232964
4311108
4389252
4467396
4545540
4623684
4701828
4779972
4857984
4936128
5014272
5092416
5170560
5248704
5326848
5404992
5483004
5561148
5639292
5717436
5795580
5873724
5951868
6030012
6108024
6186168
6264312
6342456
6420600
6498744
